dim 200 200 200
putbox 30 45 30 45 30 45 1 1 1 1
putbox 30 45 45 48 30 45 0 0 0 1
putbox 30 45 48 51 30 45 0.11 0.56 1 1
putbox 30 45 20 30 30 45 10.11 0.56 1 1
putbox 30 45 10 20 30 45 1 1 1 1
putbox 33 36 0 10 34 39 1 0.54 0 1
putbox 33 36 0 3 38 44 1 0.54 0 1
putbox 39 42 0 10 34 39 1 0.54 0 1
putbox 39 42 0 3 38 44 1 0.54 0 1
putbox 30 45 30 34 39 45 1 0.54 0 1
putbox 30 45 30 34 39 49 1 0.54 0 1
cutBox 32 36 35 39 44 45 
putBox 32 36 35 39 44 45 0 0 0 1
cutBox 39 43 35 39 44 45 
putBox 39 43 35 39 44 45 0 0 0 1
putBox 45 49 20 30 35 40 0.11 0.56 1 1
putBox 45 49 16 20 35 40 1 1 0 1
putBox 45 49 12 16 35 40 1 1 1 1
putBox 26 30 20 30 35 40 0.11 0.56 1 1
putBox 26 30 16 20 35 40 1 1 0 1
putBox 26 30 12 16 35 40 1 1 1 1
cutBox 35 40 26 30 44 45
putBox 35 40 26 30 44 45 1 0 0 1
putBox 33 42 10 14 27 30 1 1 1 1
putBox 34 41 50 51 26 32 0 0 0 1


























































